    00  01  02  03  04  05  06  07  08  09  0a  0b  0c  0d  0e  0f
00  92  12  0b  03  04  21  02  01  03  52  01  08  0a  00  fe  00
10  69  78  69  30  69  11  18  81  20  08  3c  3c  00  f0  83  01
20  00  00  00  00  00  00  00  00  00  00  00  00  00  00  00  00
30  00  00  00  00  00  00  00  00  00  00  00  00  2f  11  61  00
40  00  00  00  00  00  00  00  00  00  00  00  00  00  00  00  00
50  00  00  00  00  00  00  00  00  00  00  00  00  00  00  00  00
60  00  00  00  00  00  00  00  00  00  00  00  00  00  00  00  00
70  00  00  00  00  00  86  f1  02  14  34  00  00  00  00  bc  8d
80  69  2d  44  49  4d  4d  00  00  00  00  00  00  00  00  00  00
90  00  00  00  10  86  f1  44  43  41  31  2d  31  34  30  38  31
a0  39  30  30  36  00  00  00  00  00  00  00  00  00  00  00  00
b0  00  00  00  00  00  00  00  00  00  00  00  00  00  00  00  00
c0  00  00  00  00  00  00  00  00  00  00  00  00  00  00  00  00
d0  00  00  00  00  00  00  00  00  00  00  00  00  00  00  00  00
e0  00  00  00  00  00  00  00  00  00  00  00  00  00  00  00  00
f0  00  00  00  00  00  00  00  00  00  00  00  00  00  00  00  01